0	0.0558613099
1	0.0565492570
2	0.0576499725
3	0.0580627408
4	0.0586130985
5	0.0593010457
6	0.0598514034
7	0.0604017611
8	0.0613648872
9	0.0616400660
10	0.0626031921
11	0.0637039075
12	0.0648046230
13	0.0656301596
14	0.0670060539
15	0.0675564117
16	0.0687947166
17	0.0697578426
18	0.0711337369
19	0.0715465052
20	0.0722344524
21	0.0733351679
22	0.0748486516
23	0.0758117777
24	0.0771876720
25	0.0776004403
26	0.0782883875
27	0.0792515135
28	0.0798018712
29	0.0806274078
30	0.0815905338
31	0.0824160704
32	0.0835167859
33	0.0847550908
34	0.0853054485
35	0.0861309851
36	0.0869565217
37	0.0879196478
38	0.0887451844
39	0.0897083104
40	0.0908090259
41	0.0912217942
42	0.0924600991
43	0.0930104568
44	0.0938359934
45	0.0952118877
46	0.0961750138
47	0.0971381398
48	0.0982388553
49	0.0992019813
50	0.0996147496
51	0.1005778756
52	0.1014034122
53	0.1019537700
54	0.1031920748
55	0.1042927903
56	0.1049807375
57	0.1055310952
58	0.1062190424
59	0.1074573473
60	0.1080077050
61	0.1089708310
62	0.1100715465
63	0.1108970831
64	0.1117226197
65	0.1125481563
66	0.1129609246
67	0.1140616401
68	0.1151623555
69	0.1158503027
70	0.1170886076
71	0.1181893231
72	0.1201155751
73	0.1216290589
74	0.1228673638
75	0.1238304898
76	0.1242432581
77	0.1246560264
78	0.1254815630
79	0.1260319207
80	0.1265822785
81	0.1271326362
82	0.1279581728
83	0.1289212988
84	0.1301596037
85	0.1307099615
86	0.1315354981
87	0.1322234452
88	0.1327738030
89	0.1330489818
90	0.1337369290
91	0.1345624656
92	0.1351128233
93	0.1356631811
94	0.1360759494
95	0.1371766648
96	0.1377270226
97	0.1391029169
98	0.1397908641
99	0.1402036324
100	0.1413043478
101	0.1421298844
102	0.1430930105
103	0.1437809576
104	0.1452944414
105	0.1465327463
106	0.1473582829
107	0.1477710512
108	0.1484589983
109	0.1492845349
110	0.1499724821
111	0.1503852504
112	0.1505228398
113	0.1510731976
114	0.1514859659
115	0.1521739130
116	0.1527242708
117	0.1534122179
118	0.1545129334
119	0.1553384700
120	0.1564391855
121	0.1571271326
122	0.1578150798
123	0.1590533847
124	0.1594661530
125	0.1601541002
126	0.1607044579
127	0.1622179417
128	0.1630434783
129	0.1634562466
130	0.1645569620
131	0.1656576775
132	0.1671711613
133	0.1675839296
134	0.1684094662
135	0.1696477711
136	0.1701981288
137	0.1711612548
138	0.1723995597
139	0.1729499174
140	0.1739130435
141	0.1747385801
142	0.1754265272
143	0.1762520638
144	0.1772151899
145	0.1774903687
146	0.1781783159
147	0.1790038525
148	0.1795542102
149	0.1805173363
150	0.1812052834
151	0.1820308200
152	0.1832691249
153	0.1834067144
154	0.1847826087
155	0.1854705559
156	0.1864336819
157	0.1868464502
158	0.1873968079
159	0.1878095762
160	0.1883599340
161	0.1891854706
162	0.1902861860
163	0.1909741332
164	0.1919372592
165	0.1926252064
166	0.1931755641
167	0.1938635113
168	0.1952394056
169	0.1975784260
170	0.1988167309
171	0.2001926252
172	0.2011557512
173	0.2039075399
174	0.2044578976
175	0.2059713814
176	0.2103742433
177	0.2116125482
178	0.2127132636
179	0.2138139791
180	0.2143643368
181	0.2149146946
182	0.2161529994
183	0.2167033572
184	0.2172537149
185	0.2179416621
186	0.2186296092
187	0.2202806824
188	0.2209686296
189	0.2216565768
190	0.2223445239
191	0.2228948817
192	0.2234452394
193	0.2241331866
194	0.2242707760
195	0.2253714915
196	0.2261970281
197	0.2268849752
198	0.2277105118
199	0.2285360484
200	0.2294991745
201	0.2307374794
202	0.2312878371
203	0.2318381948
204	0.2329389103
205	0.2336268575
206	0.2347275729
207	0.2384424876
208	0.2391304348
209	0.2418822234
210	0.2429829389
211	0.2450467804
212	0.2466978536
213	0.2484865162
214	0.2533021464
215	0.2538525041
216	0.2549532196
217	0.2647220693
218	0.2660979637
219	0.2669235003
220	0.2682993946
221	0.2702256467
222	0.2721518987
223	0.2732526142
224	0.2795817281
225	0.2805448542
226	0.2810952119
227	0.2823335168
228	0.2828838745
229	0.2842597688
230	0.2852228949
231	0.2870115575
232	0.2885250413
233	0.2900385250
234	0.2911392405
235	0.2916895982
236	0.2929279031
237	0.2941662080
238	0.2958172812
239	0.2971931756
240	0.2980187122
241	0.2996697854
242	0.3017336269
243	0.3032471106
244	0.3050357733
245	0.3070996147
246	0.3087506879
247	0.3097138140
248	0.3110897083
249	0.3123280132
250	0.3138414970
251	0.3149422124
252	0.3163181068
253	0.3181067694
254	0.3193450743
255	0.3207209686
256	0.3225096313
257	0.3237479362
258	0.3244358833
259	0.3255365988
260	0.3262245460
261	0.3273252614
262	0.3287011558
263	0.3296642818
264	0.3309025867
265	0.3320033021
266	0.3335167859
267	0.3340671436
268	0.3344799119
269	0.3353054485
270	0.3366813429
271	0.3380572372
272	0.3392955421
273	0.3399834893
274	0.3416345625
275	0.3428728674
276	0.3436984040
277	0.3450742983
278	0.3457622455
279	0.3470005504
280	0.3483764447
281	0.3490643919
282	0.3503026968
283	0.3518161805
284	0.3540176114
285	0.3547055586
286	0.3556686846
287	0.3567694001
288	0.3573197578
289	0.3585580627
290	0.3600715465
291	0.3610346725
292	0.3615850303
293	0.3630985140
294	0.3639240506
295	0.3650247661
296	0.3661254816
297	0.3669510182
298	0.3676389653
299	0.3688772702
300	0.3697028068
301	0.3703907540
302	0.3709411117
303	0.3713538800
304	0.3724545955
305	0.3728673638
306	0.3738304898
307	0.3745184370
308	0.3754815630
309	0.3758943313
310	0.3765822785
311	0.3774078151
312	0.3787837094
313	0.3800220143
314	0.3809851403
315	0.3815354981
316	0.3820858558
317	0.3830489818
318	0.3833241607
319	0.3837369290
320	0.3852504128
321	0.3860759494
322	0.3874518437
323	0.3888277380
324	0.3895156852
325	0.3900660429
326	0.3907539901
327	0.3917171161
328	0.3925426527
329	0.3933681893
330	0.3941937259
331	0.3947440837
332	0.3950192625
333	0.3955696203
334	0.3961199780
335	0.3969455146
336	0.3973582829
337	0.3987341772
338	0.3994221244
339	0.3999724821
340	0.4013483764
341	0.4025866813
342	0.4028618602
343	0.4034122179
344	0.4041001651
345	0.4056136489
346	0.4064391855
347	0.4072647221
348	0.4082278481
349	0.4091909741
350	0.4102916896
351	0.4113924051
352	0.4123555311
353	0.4130434783
354	0.4133186571
355	0.4137314254
356	0.4148321409
357	0.4152449092
358	0.4159328564
359	0.4170335718
360	0.4181342873
361	0.4192350028
362	0.4204733076
363	0.4211612548
364	0.4221243808
365	0.4228123280
366	0.4239130435
367	0.4248761695
368	0.4259768850
369	0.4269400110
370	0.4287286736
371	0.4295542102
372	0.4299669785
373	0.4306549257
374	0.4313428729
375	0.4321684095
376	0.4338194827
377	0.4342322510
378	0.4347826087
379	0.4350577876
380	0.4362960925
381	0.4367088608
382	0.4373968079
383	0.4378095762
384	0.4379471657
385	0.4382223445
386	0.4387727023
387	0.4394606494
388	0.4401485966
389	0.4412493121
390	0.4420748487
391	0.4430379747
392	0.4438635113
393	0.4449642267
394	0.4455145845
395	0.4459273528
396	0.4470280682
397	0.4477160154
398	0.4486791414
399	0.4496422675
400	0.4506053935
401	0.4515685195
402	0.4519812878
403	0.4526692350
404	0.4530820033
405	0.4547330765
406	0.4554210237
407	0.4556962025
408	0.4565217391
409	0.4569345074
410	0.4577600440
411	0.4583104018
412	0.4589983489
413	0.4598238855
414	0.4605118327
415	0.4611997799
416	0.4620253165
417	0.4632636214
418	0.4638139791
419	0.4645019263
420	0.4651898734
421	0.4657402312
422	0.4669785360
423	0.4676664832
424	0.4680792515
425	0.4693175564
426	0.4698679141
427	0.4702806824
428	0.4704182719
429	0.4715189873
430	0.4723445239
431	0.4735828288
432	0.4742707760
433	0.4748211337
434	0.4755090809
435	0.4761970281
436	0.4766097964
437	0.4770225647
438	0.4772977435
439	0.4775729224
440	0.4782608696
441	0.4788112273
442	0.4793615850
443	0.4799119428
444	0.4807374794
445	0.4811502477
446	0.4817006054
447	0.4825261420
448	0.4829389103
449	0.4833516786
450	0.4843148046
451	0.4848651624
452	0.4851403412
453	0.4855531095
454	0.4863786461
455	0.4867914144
456	0.4874793616
457	0.4881673088
458	0.4888552559
459	0.4898183819
460	0.4903687397
461	0.4909190974
462	0.4916070446
463	0.4924325812
464	0.4928453495
465	0.4940836544
466	0.4946340121
467	0.4953219593
468	0.4958723170
469	0.4962850853
470	0.4969730325
471	0.4975233902
472	0.4979361585
473	0.4983489268
474	0.5001375894
475	0.5006879472
476	0.5012383049
477	0.5019262521
478	0.5023390204
479	0.5027517887
480	0.5031645570
481	0.5037149147
482	0.5048156302
483	0.5055035773
484	0.5059163456
485	0.5070170611
486	0.5079801871
487	0.5090809026
488	0.5097688498
489	0.5105943864
490	0.5108695652
491	0.5115575124
492	0.5122454595
493	0.5125206384
494	0.5133461750
495	0.5143093010
496	0.5148596588
497	0.5154100165
498	0.5166483214
499	0.5174738580
500	0.5184369840
501	0.5191249312
502	0.5200880572
503	0.5206384150
504	0.5217391304
505	0.5225646670
506	0.5236653825
507	0.5246285085
508	0.5253164557
509	0.5265547606
510	0.5273802972
511	0.5282058338
512	0.5287561915
513	0.5293065493
514	0.5299944964
515	0.5304072647
516	0.5309576225
517	0.5315079802
518	0.5327462851
519	0.5335718217
520	0.5342597688
521	0.5346725371
522	0.5352228949
523	0.5359108420
524	0.5378370941
525	0.5383874518
526	0.5386626307
527	0.5397633462
528	0.5404512933
529	0.5410016511
530	0.5423775454
531	0.5427903137
532	0.5433406714
533	0.5436158503
534	0.5443037975
535	0.5452669235
536	0.5456796918
537	0.5463676390
538	0.5466428178
539	0.5471931756
540	0.5476059439
541	0.5487066593
542	0.5491194276
543	0.5506329114
544	0.5509080903
545	0.5511832691
546	0.5515960374
547	0.5520088057
548	0.5525591635
549	0.5528343423
550	0.5533847001
551	0.5540726472
552	0.5546230050
553	0.5548981838
554	0.5550357733
555	0.5561364887
556	0.5570996147
557	0.5573747936
558	0.5577875619
559	0.5579251513
560	0.5584755091
561	0.5593010457
562	0.5606769400
563	0.5616400660
564	0.5628783709
565	0.5637039075
566	0.5642542653
567	0.5648046230
568	0.5654925702
569	0.5665932856
570	0.5681067694
571	0.5686571271
572	0.5690698954
573	0.5693450743
574	0.5700330215
575	0.5708585581
576	0.5712713264
577	0.5718216841
578	0.5726472207
579	0.5730599890
580	0.5736103467
581	0.5738855256
582	0.5745734728
583	0.5776004403
584	0.5780132086
585	0.5785635663
586	0.5789763346
587	0.5796642818
588	0.5803522289
589	0.5809025867
591	0.5825536599
592	0.5828288387
593	0.5832416070
594	0.5833791965
595	0.5840671436
596	0.5847550908
597	0.5848926802
598	0.5850302697
599	0.5855806274
600	0.5862685746
601	0.5868189323
602	0.5873692900
603	0.5875068795
604	0.5881948266
605	0.5887451844
606	0.5891579527
607	0.5897083104
608	0.5903962576
609	0.5909466153
610	0.5916345625
611	0.5923225096
612	0.5927352779
613	0.5932856357
614	0.5941111723
615	0.5947991194
616	0.5950742983
617	0.5953494772
618	0.5958998349
619	0.5967253715
620	0.5972757292
621	0.5979636764
622	0.5981012658
624	0.5983764447
625	0.5987892130
626	0.5996147496
627	0.6001651073
629	0.6005778756
630	0.6014034122
631	0.6022289488
632	0.6027793065
633	0.6040176114
634	0.6041552009
635	0.6045679692
636	0.6048431480
637	0.6049807375
638	0.6056686846
639	0.6058062741
640	0.6063566318
641	0.6067694001
642	0.6070445790
643	0.6071821684
644	0.6078701156
645	0.6082828839
646	0.6085580627
647	0.6093835993
648	0.6100715465
649	0.6103467254
650	0.6108970831
651	0.6110346725
654	0.6115850303
655	0.6118602091
656	0.6125481563
657	0.6130985140
658	0.6136488718
660	0.6143368189
661	0.6146119978
662	0.6148871767
663	0.6150247661
664	0.6155751238
665	0.6159878921
666	0.6164006604
667	0.6170886076
668	0.6177765548
670	0.6180517336
671	0.6183269125
672	0.6190148597
673	0.6198403963
674	0.6203907540
675	0.6209411117
676	0.6210787012
677	0.6216290589
678	0.6220418272
679	0.6224545955
680	0.6225921849
681	0.6227297744
682	0.6230049532
683	0.6238304898
684	0.6242432581
685	0.6245184370
686	0.6247936159
687	0.6249312053
688	0.6258943313
690	0.6263070996
691	0.6267198679
692	0.6269950468
693	0.6276829939
694	0.6282333517
696	0.6285085305
697	0.6286461200
698	0.6289212988
699	0.6293340671
700	0.6301596037
702	0.6304347826
703	0.6311227298
704	0.6315354981
705	0.6320858558
706	0.6322234452
708	0.6324986241
709	0.6326362135
710	0.6331865713
711	0.6337369290
712	0.6344248762
713	0.6347000550
714	0.6349752339
715	0.6352504128
716	0.6356631811
717	0.6362135388
718	0.6366263071
720	0.6373142543
721	0.6375894331
722	0.6378646120
723	0.6380022014
724	0.6385525592
725	0.6386901486
726	0.6395156852
727	0.6399284535
728	0.6402036324
729	0.6408915795
730	0.6410291690
731	0.6415795267
732	0.6419922950
733	0.6422674739
734	0.6426802422
735	0.6429554210
736	0.6432305999
737	0.6436433682
738	0.6437809576
739	0.6441937259
740	0.6444689048
741	0.6446064942
742	0.6448816731
743	0.6450192625
744	0.6451568520
745	0.6454320308
746	0.6457072097
747	0.6459823886
748	0.6463951569
749	0.6465327463
751	0.6468079252
752	0.6469455146
753	0.6472206935
754	0.6474958723
755	0.6476334618
756	0.6479086406
757	0.6481838195
758	0.6488717666
759	0.6491469455
760	0.6499724821
761	0.6507980187
762	0.6510731976
763	0.6516235553
765	0.6518987342
766	0.6520363236
767	0.6525866813
768	0.6527242708
770	0.6529994496
771	0.6535498074
773	0.6541001651
774	0.6547881123
775	0.6552008806
776	0.6553384700
777	0.6557512383
778	0.6560264172
779	0.6564391855
780	0.6565767749
781	0.6568519538
782	0.6569895432
783	0.6574023115
784	0.6576774904
785	0.6579526692
786	0.6583654375
787	0.6586406164
788	0.6587782058
789	0.6590533847
791	0.6598789213
792	0.6600165107
793	0.6604292790
794	0.6607044579
795	0.6609796368
796	0.6613924051
797	0.6615299945
798	0.6623555311
799	0.6627682994
800	0.6633186571
801	0.6640066043
802	0.6644193726
803	0.6648321409
804	0.6653824986
805	0.6656576775
806	0.6660704458
807	0.6663456247
808	0.6667583930
809	0.6670335718
810	0.6674463401
811	0.6675839296
812	0.6681342873
813	0.6684094662
814	0.6685470556
815	0.6686846450
816	0.6688222345
817	0.6690974133
818	0.6693725922
820	0.6695101816
821	0.6697853605
822	0.6701981288
823	0.6708860759
824	0.6714364337
825	0.6717116125
826	0.6722619703
827	0.6728123280
828	0.6730875069
829	0.6737754540
830	0.6739130435
831	0.6744634012
832	0.6747385801
833	0.6748761695
834	0.6750137589
835	0.6752889378
836	0.6758392955
837	0.6762520638
838	0.6768024216
839	0.6770776004
840	0.6776279582
841	0.6779031370
843	0.6784534948
844	0.6788662631
845	0.6792790314
846	0.6796917997
847	0.6801045680
848	0.6805173363
849	0.6806549257
850	0.6809301046
851	0.6812052834
853	0.6813428729
854	0.6814804623
855	0.6817556412
856	0.6820308200
857	0.6821684095
858	0.6823059989
859	0.6824435883
860	0.6829939461
861	0.6836818932
862	0.6840946615
863	0.6847826087
864	0.6853329664
865	0.6858833242
866	0.6860209136
867	0.6864336819
868	0.6865712713
869	0.6867088608
870	0.6868464502
871	0.6873968079
872	0.6879471657
873	0.6880847551
874	0.6883599340
875	0.6887727023
877	0.6890478811
878	0.6893230600
879	0.6894606494
882	0.6895982389
883	0.6898734177
884	0.6901485966
885	0.6904237755
887	0.6912493121
888	0.6915244909
889	0.6916620804
890	0.6923500275
891	0.6924876170
892	0.6926252064
893	0.6930379747
894	0.6933131535
895	0.6935883324
897	0.6937259218
899	0.6940011007
900	0.6944138690
901	0.6949642267
902	0.6955145845
903	0.6959273528
904	0.6960649422
905	0.6966152999
906	0.6971656577
907	0.6975784260
908	0.6981287837
909	0.6984039626
910	0.6990919097
911	0.6995046780
912	0.6997798569
913	0.7000550358
914	0.7001926252
915	0.7006053935
916	0.7011557512
917	0.7018436984
918	0.7025316456
920	0.7029444139
921	0.7032195927
922	0.7037699505
923	0.7041827188
924	0.7048706659
925	0.7052834342
926	0.7055586131
928	0.7059713814
931	0.7061089708
932	0.7062465603
933	0.7063841497
935	0.7066593286
936	0.7067969180
937	0.7074848652
938	0.7076224546
942	0.7080352229
943	0.7081728123
944	0.7083104018
945	0.7085855806
946	0.7088607595
948	0.7091359384
949	0.7096862961
951	0.7098238855
952	0.7100990644
953	0.7102366538
954	0.7107870116
955	0.7110621904
956	0.7111997799
957	0.7114749587
958	0.7116125482
959	0.7117501376
960	0.7123004953
961	0.7129884425
962	0.7131260319
963	0.7132636214
964	0.7134012108
966	0.7135388002
967	0.7138139791
968	0.7139515685
971	0.7142267474
972	0.7145019263
974	0.7149146946
975	0.7150522840
977	0.7153274629
980	0.7156026417
982	0.7158778206
983	0.7162905889
984	0.7164281783
985	0.7167033572
986	0.7172537149
987	0.7175288938
988	0.7180792515
989	0.7183544304
990	0.7187671987
991	0.7189047881
993	0.7194551458
994	0.7195927353
995	0.7200055036
997	0.7202806824
998	0.7205558613
999	0.7208310402
1000	0.7213813979
1001	0.7215189873
1002	0.7220693451
1003	0.7224821134
1004	0.7228948817
1005	0.7230324711
1006	0.7231700605
1007	0.7234452394
1008	0.7238580077
1010	0.7239955971
1011	0.7241331866
1012	0.7242707760
1013	0.7244083654
1015	0.7245459549
1016	0.7250963126
1017	0.7252339020
1018	0.7255090809
1019	0.7256466703
1020	0.7257842598
1021	0.7259218492
1022	0.7261970281
1023	0.7263346175
1024	0.7266097964
1025	0.7267473858
1026	0.7268849752
1027	0.7271601541
1028	0.7272977435
1029	0.7274353330
1030	0.7278481013
1033	0.7279856907
1034	0.7282608696
1036	0.7283984590
1037	0.7292239956
1038	0.7293615850
1039	0.7294991745
1040	0.7296367639
1041	0.7297743533
1042	0.7305998899
1043	0.7310126582
1044	0.7311502477
1045	0.7312878371
1046	0.7315630160
1047	0.7318381948
1048	0.7319757843
1050	0.7322509631
1051	0.7330764997
1052	0.7332140892
1053	0.7333516786
1054	0.7336268575
1055	0.7339020363
1056	0.7341772152
1057	0.7344523941
1059	0.7348651624
1061	0.7351403412
1062	0.7352779307
1063	0.7356906990
1065	0.7362410567
1066	0.7365162356
1068	0.7369290039
1069	0.7372041827
1070	0.7373417722
1072	0.7377545405
1073	0.7378921299
1074	0.7384424876
1075	0.7388552559
1076	0.7389928453
1077	0.7392680242
1079	0.7398183819
1080	0.7399559714
1081	0.7400935608
1083	0.7403687397
1084	0.7407815080
1085	0.7409190974
1086	0.7413318657
1087	0.7414694551
1090	0.7420198129
1091	0.7427077600
1093	0.7428453495
1094	0.7431205283
1095	0.7432581178
1096	0.7435332966
1099	0.7439460649
1101	0.7442212438
1102	0.7443588332
1103	0.7446340121
1104	0.7447716015
1106	0.7453219593
1107	0.7455971381
1108	0.7458723170
1109	0.7464226747
1111	0.7465602642
1113	0.7469730325
1114	0.7472482113
1118	0.7473858008
1119	0.7479361585
1120	0.7483489268
1121	0.7484865162
1122	0.7486241057
1123	0.7487616951
1124	0.7488992845
1125	0.7495872317
1126	0.7498624106
1127	0.7501375894
1128	0.7502751789
1129	0.7504127683
1131	0.7509631260
1133	0.7511007155
1134	0.7515134838
1135	0.7516510732
1137	0.7520638415
1141	0.7523390204
1142	0.7524766098
1143	0.7526141992
1147	0.7528893781
1148	0.7530269675
1150	0.7538525041
1151	0.7541276830
1152	0.7542652724
1153	0.7546780407
1156	0.7548156302
1157	0.7553659879
1158	0.7556411668
1160	0.7559163456
1161	0.7561915245
1162	0.7563291139
1163	0.7564667034
1164	0.7566042928
1165	0.7567418822
1167	0.7572922400
1168	0.7574298294
1169	0.7575674188
1170	0.7577050083
1172	0.7578425977
1173	0.7579801871
1175	0.7581177766
1177	0.7583929554
1178	0.7589433132
1179	0.7594936709
1180	0.7596312603
1181	0.7600440286
1182	0.7601816181
1186	0.7603192075
1188	0.7605943864
1190	0.7608695652
1191	0.7611447441
1193	0.7612823335
1194	0.7615575124
1195	0.7621078701
1196	0.7625206384
1197	0.7627958173
1199	0.7633461750
1200	0.7634837644
1201	0.7637589433
1202	0.7638965327
1203	0.7641717116
1204	0.7643093010
1205	0.7644468905
1206	0.7647220693
1207	0.7648596588
1208	0.7651348376
1209	0.7654100165
1210	0.7655476059
1211	0.7658227848
1212	0.7662355531
1217	0.7665107320
1219	0.7669235003
1220	0.7671986791
1221	0.7674738580
1223	0.7677490369
1224	0.7678866263
1225	0.7680242157
1226	0.7682993946
1228	0.7684369840
1232	0.7687121629
1233	0.7688497523
1234	0.7692625206
1236	0.7694001101
1237	0.7695376995
1239	0.7696752889
1241	0.7698128784
1243	0.7699504678
1244	0.7700880572
1245	0.7702256467
1247	0.7703632361
1248	0.7707760044
1249	0.7711887727
1251	0.7713263621
1252	0.7714639516
1253	0.7716015410
1255	0.7718767199
1256	0.7720143093
1257	0.7724270776
1258	0.7727022565
1259	0.7731150248
1260	0.7736653825
1261	0.7740781508
1262	0.7742157402
1263	0.7743533297
1264	0.7744909191
1265	0.7751788663
1266	0.7754540451
1268	0.7755916346
1269	0.7757292240
1271	0.7762795817
1272	0.7766923500
1274	0.7768299395
1276	0.7769675289
1277	0.7771051183
1280	0.7773802972
1282	0.7776554761
1283	0.7779306549
1284	0.7780682444
1288	0.7783434232
1289	0.7784810127
1290	0.7787561915
1291	0.7788937810
1293	0.7791689598
1294	0.7793065493
1295	0.7794441387
1296	0.7795817281
1297	0.7799944964
1299	0.7802696753
1300	0.7804072647
1302	0.7805448542
1303	0.7806824436
1304	0.7808200330
1305	0.7809576225
1306	0.7812328013
1307	0.7813703908
1309	0.7815079802
1310	0.7816455696
1311	0.7819207485
1313	0.7821959274
1315	0.7826086957
1316	0.7830214640
1317	0.7832966428
1318	0.7834342323
1319	0.7837094111
1320	0.7841221794
1322	0.7843973583
1323	0.7846725371
1324	0.7848101266
1325	0.7850853054
1327	0.7852228949
1328	0.7856356632
1329	0.7860484315
1331	0.7861860209
1332	0.7863236103
1333	0.7864611998
1334	0.7867363786
1335	0.7868739681
1336	0.7874243258
1337	0.7875619152
1338	0.7876995047
1339	0.7881122730
1341	0.7883874518
1343	0.7886626307
1344	0.7889378096
1345	0.7890753990
1349	0.7893505779
1350	0.7894881673
1351	0.7896257567
1352	0.7897633462
1353	0.7900385250
1355	0.7901761145
1356	0.7905888828
1357	0.7908640616
1358	0.7911392405
1359	0.7912768299
1361	0.7914144194
1363	0.7915520088
1364	0.7916895982
1366	0.7918271877
1367	0.7921023665
1369	0.7925151348
1370	0.7926527243
1371	0.7929279031
1372	0.7930654926
1373	0.7932030820
1374	0.7937534397
1375	0.7940286186
1377	0.7941662080
1378	0.7943037975
1379	0.7952669235
1380	0.7955421024
1385	0.7958172812
1386	0.7959548707
1388	0.7962300495
1389	0.7963676390
1391	0.7965052284
1392	0.7969179967
1393	0.7973307650
1397	0.7976059439
1398	0.7977435333
1399	0.7980187122
1400	0.7981563016
1404	0.7982938910
1405	0.7984314805
1406	0.7985690699
1408	0.7989818382
1411	0.7992570171
1412	0.7993946065
1413	0.7995321959
1414	0.7998073748
1415	0.7999449642
1418	0.8002201431
1419	0.8003577325
1420	0.8004953220
1422	0.8006329114
1423	0.8009080903
1424	0.8010456797
1426	0.8011832691
1428	0.8013208586
1429	0.8015960374
1432	0.8017336269
1433	0.8020088057
1434	0.8022839846
1435	0.8024215740
1437	0.8026967529
1439	0.8029719318
1440	0.8032471106
1441	0.8033847001
1445	0.8035222895
1446	0.8036598789
1447	0.8039350578
1448	0.8040726472
1449	0.8042102367
1450	0.8043478261
1453	0.8046230050
1454	0.8048981838
1456	0.8050357733
1457	0.8053109521
1459	0.8055861310
1462	0.8057237204
1463	0.8058613099
1464	0.8059988993
1465	0.8061364887
1466	0.8062740782
1470	0.8064116676
1474	0.8065492570
1475	0.8066868465
1476	0.8068244359
1478	0.8072372042
1479	0.8073747936
1481	0.8075123830
1482	0.8076499725
1484	0.8077875619
1487	0.8079251513
1488	0.8082003302
1489	0.8083379196
1490	0.8084755091
1491	0.8087506879
1492	0.8088882774
1495	0.8090258668
1496	0.8091634562
1499	0.8093010457
1500	0.8097138140
1501	0.8098514034
1502	0.8101265823
1505	0.8102641717
1507	0.8104017611
1509	0.8105393506
1510	0.8109521189
1511	0.8112272977
1512	0.8113648872
1513	0.8116400660
1514	0.8117776555
1516	0.8121904238
1517	0.8124656026
1518	0.8131535498
1520	0.8134287287
1521	0.8135663181
1523	0.8137039075
1527	0.8138414970
1528	0.8139790864
1529	0.8141166758
1532	0.8143918547
1533	0.8145294441
1534	0.8146670336
1539	0.8148046230
1540	0.8150798019
1543	0.8152173913
1546	0.8153549807
1547	0.8157677490
1549	0.8159053385
1550	0.8163181068
1551	0.8164556962
1552	0.8165932856
1554	0.8167308751
1555	0.8168684645
1557	0.8170060539
1558	0.8174188222
1560	0.8175564117
1561	0.8178315905
1562	0.8179691800
1563	0.8181067694
1565	0.8182443588
1566	0.8183819483
1568	0.8189323060
1569	0.8190698954
1574	0.8193450743
1576	0.8194826637
1579	0.8196202532
1580	0.8198954320
1581	0.8200330215
1582	0.8203082003
1583	0.8205833792
1584	0.8208585581
1585	0.8211337369
1586	0.8214089158
1587	0.8215465052
1588	0.8216840947
1591	0.8219592735
1593	0.8220968630
1595	0.8222344524
1600	0.8225096313
1601	0.8227848101
1602	0.8229223996
1603	0.8230599890
1604	0.8234727573
1605	0.8237479362
1608	0.8238855256
1613	0.8240231150
1614	0.8242982939
1616	0.8245734728
1617	0.8248486516
1621	0.8249862411
1624	0.8253990094
1625	0.8255365988
1631	0.8256741882
1632	0.8258117777
1634	0.8259493671
1636	0.8260869565
1640	0.8262245460
1642	0.8263621354
1645	0.8264997248
1646	0.8266373143
1647	0.8269124931
1648	0.8270500826
1649	0.8271876720
1651	0.8273252614
1652	0.8274628509
1653	0.8278756192
1655	0.8280132086
1656	0.8281507980
1657	0.8284259769
1658	0.8287011558
1659	0.8291139241
1662	0.8293891029
1664	0.8295266924
1666	0.8296642818
1668	0.8298018712
1669	0.8302146395
1670	0.8304898184
1671	0.8306274078
1675	0.8309025867
1677	0.8311777655
1679	0.8313153550
1684	0.8320033021
1685	0.8321408916
1686	0.8322784810
1688	0.8326912493
1690	0.8328288387
1692	0.8329664282
1694	0.8331040176
1695	0.8333791965
1696	0.8335167859
1699	0.8337919648
1700	0.8339295542
1701	0.8340671436
1702	0.8342047331
1705	0.8343423225
1706	0.8344799119
1707	0.8346175014
1710	0.8347550908
1711	0.8348926802
1713	0.8351678591
1716	0.8353054485
1717	0.8355806274
1720	0.8358558063
1722	0.8359933957
1723	0.8361309851
1724	0.8362685746
1725	0.8365437534
1729	0.8366813429
1731	0.8368189323
1732	0.8369565217
1733	0.8370941112
1734	0.8372317006
1736	0.8375068795
1737	0.8376444689
1738	0.8377820583
1740	0.8379196478
1744	0.8380572372
1745	0.8381948266
1749	0.8383324161
1751	0.8384700055
1753	0.8386075949
1754	0.8387451844
1755	0.8388827738
1756	0.8390203632
1757	0.8391579527
1758	0.8392955421
1759	0.8394331315
1761	0.8395707210
1763	0.8397083104
1767	0.8398458998
1768	0.8402586681
1769	0.8403962576
1770	0.8405338470
1771	0.8408090259
1773	0.8409466153
1774	0.8410842047
1775	0.8412217942
1778	0.8414969730
1779	0.8417721519
1780	0.8419097413
1784	0.8420473308
1788	0.8421849202
1790	0.8423225096
1791	0.8424600991
1793	0.8425976885
1796	0.8428728674
1800	0.8430104568
1801	0.8432856357
1802	0.8434232251
1803	0.8435608145
1804	0.8439735828
1807	0.8441111723
1812	0.8443863511
1814	0.8446615300
1816	0.8447991194
1817	0.8449367089
1820	0.8450742983
1821	0.8453494772
1822	0.8454870666
1823	0.8456246560
1827	0.8458998349
1828	0.8460374243
1830	0.8461750138
1834	0.8464501926
1835	0.8465877821
1837	0.8467253715
1838	0.8468629609
1839	0.8470005504
1840	0.8472757292
1842	0.8474133187
1843	0.8475509081
1845	0.8476884975
1846	0.8478260870
1848	0.8479636764
1849	0.8481012658
1850	0.8482388553
1851	0.8483764447
1852	0.8487892130
1853	0.8489268024
1855	0.8490643919
1858	0.8492019813
1863	0.8493395707
1864	0.8494771602
1866	0.8496147496
1867	0.8497523390
1869	0.8500275179
1871	0.8501651073
1873	0.8503026968
1874	0.8504402862
1877	0.8505778756
1879	0.8507154651
1880	0.8509906439
1884	0.8512658228
1885	0.8515410017
1886	0.8516785911
1889	0.8518161805
1891	0.8519537700
1892	0.8520913594
1893	0.8522289488
1894	0.8523665382
1899	0.8525041277
1901	0.8526417171
1904	0.8527793065
1908	0.8529168960
1909	0.8530544854
1912	0.8531920748
1915	0.8533296643
1917	0.8536048431
1918	0.8537424326
1919	0.8538800220
1921	0.8540176114
1922	0.8542927903
1924	0.8544303797
1925	0.8547055586
1926	0.8548431480
1928	0.8552559163
1929	0.8553935058
1930	0.8558062741
1931	0.8559438635
1935	0.8560814529
1937	0.8563566318
1939	0.8564942212
1941	0.8567694001
1942	0.8569069895
1943	0.8570445790
1944	0.8571821684
1945	0.8574573473
1948	0.8578701156
1949	0.8580077050
1953	0.8581452944
1955	0.8582828839
1956	0.8584204733
1961	0.8585580627
1962	0.8586956522
1964	0.8588332416
1967	0.8591084205
1971	0.8595211888
1974	0.8596587782
1975	0.8597963676
1976	0.8599339571
1978	0.8602091359
1980	0.8604843148
1981	0.8606219042
1982	0.8607594937
1983	0.8608970831
1984	0.8610346725
1986	0.8611722620
1987	0.8613098514
1989	0.8614474408
1990	0.8615850303
1991	0.8618602091
1992	0.8619977986
1994	0.8621353880
1998	0.8622729774
1999	0.8625481563
2000	0.8626857457
2001	0.8628233352
2007	0.8629609246
2009	0.8630985140
2012	0.8633736929
2014	0.8636488718
2015	0.8640616401
2017	0.8641992295
2018	0.8644744084
2020	0.8646119978
2022	0.8647495872
2024	0.8648871767
2029	0.8650247661
2031	0.8651623555
2033	0.8652999450
2035	0.8654375344
2043	0.8655751238
2045	0.8657127133
2052	0.8658503027
2055	0.8659878921
2057	0.8661254816
2059	0.8662630710
2061	0.8664006604
2062	0.8665382499
2064	0.8666758393
2068	0.8668134287
2069	0.8669510182
2070	0.8672261970
2072	0.8673637865
2073	0.8675013759
2074	0.8676389653
2077	0.8677765548
2081	0.8679141442
2084	0.8680517336
2085	0.8681893231
2086	0.8683269125
2087	0.8684645019
2092	0.8686020914
2093	0.8691524491
2095	0.8694276280
2096	0.8695652174
2098	0.8697028068
2105	0.8699779857
2106	0.8701155751
2110	0.8702531646
2115	0.8705283434
2117	0.8708035223
2118	0.8709411117
2121	0.8710787012
2123	0.8712162906
2125	0.8713538800
2127	0.8714914695
2129	0.8716290589
2130	0.8717666483
2132	0.8719042378
2135	0.8720418272
2148	0.8721794166
2151	0.8723170061
2153	0.8725921849
2155	0.8728673638
2159	0.8730049532
2161	0.8731425427
2165	0.8734177215
2170	0.8736929004
2172	0.8738304898
2175	0.8741056687
2176	0.8742432581
2180	0.8746560264
2182	0.8747936159
2183	0.8749312053
2192	0.8750687947
2193	0.8753439736
2194	0.8754815630
2197	0.8758943313
2200	0.8760319207
2201	0.8761695102
2203	0.8763070996
2204	0.8765822785
2208	0.8768574573
2210	0.8769950468
2216	0.8771326362
2217	0.8772702256
2221	0.8775454045
2223	0.8778205834
2225	0.8779581728
2226	0.8782333517
2229	0.8783709411
2230	0.8785085305
2234	0.8786461200
2235	0.8787837094
2236	0.8789212988
2240	0.8791964777
2241	0.8793340671
2243	0.8796092460
2244	0.8797468354
2245	0.8798844249
2247	0.8801596037
2248	0.8802971932
2249	0.8804347826
2251	0.8808475509
2254	0.8809851403
2259	0.8811227298
2264	0.8812603192
2267	0.8813979086
2268	0.8815354981
2270	0.8816730875
2277	0.8818106769
2280	0.8819482664
2282	0.8820858558
2285	0.8822234452
2287	0.8823610347
2288	0.8824986241
2290	0.8826362135
2295	0.8827738030
2296	0.8829113924
2297	0.8830489818
2299	0.8831865713
2300	0.8834617501
2301	0.8835993396
2302	0.8837369290
2304	0.8838745184
2307	0.8840121079
2309	0.8841496973
2313	0.8842872867
2317	0.8845624656
2318	0.8847000550
2321	0.8848376445
2322	0.8849752339
2325	0.8851128233
2329	0.8852504128
2331	0.8853880022
2334	0.8855255916
2337	0.8860759494
2341	0.8862135388
2345	0.8864887177
2353	0.8866263071
2355	0.8867638965
2356	0.8869014860
2357	0.8870390754
2360	0.8871766648
2367	0.8873142543
2369	0.8874518437
2370	0.8875894331
2377	0.8877270226
2380	0.8878646120
2386	0.8880022014
2387	0.8882773803
2390	0.8884149697
2396	0.8886901486
2397	0.8888277380
2399	0.8889653275
2401	0.8891029169
2403	0.8892405063
2404	0.8893780958
2406	0.8896532746
2408	0.8897908641
2409	0.8899284535
2413	0.8900660429
2419	0.8903412218
2422	0.8907539901
2424	0.8908915795
2428	0.8910291690
2430	0.8911667584
2431	0.8913043478
2433	0.8915795267
2434	0.8917171161
2435	0.8918547056
2441	0.8919922950
2445	0.8921298844
2446	0.8922674739
2448	0.8924050633
2452	0.8925426527
2454	0.8926802422
2455	0.8928178316
2456	0.8929554210
2460	0.8930930105
2461	0.8932305999
2472	0.8933681893
2473	0.8935057788
2476	0.8936433682
2481	0.8937809576
2486	0.8939185471
2491	0.8943313154
2493	0.8944689048
2495	0.8946064942
2497	0.8947440837
2499	0.8948816731
2502	0.8950192625
2504	0.8951568520
2506	0.8952944414
2509	0.8955696203
2510	0.8957072097
2513	0.8958447991
2514	0.8959823886
2520	0.8961199780
2521	0.8963951569
2524	0.8965327463
2527	0.8966703357
2529	0.8969455146
2533	0.8970831040
2535	0.8972206935
2540	0.8973582829
2542	0.8974958723
2543	0.8976334618
2544	0.8977710512
2546	0.8979086406
2549	0.8980462300
2550	0.8981838195
2552	0.8983214089
2553	0.8984589983
2555	0.8985965878
2558	0.8987341772
2563	0.8988717666
2565	0.8990093561
2569	0.8994221244
2575	0.8995597138
2579	0.8998348927
2581	0.9001100715
2582	0.9002476610
2584	0.9005228398
2589	0.9006604293
2594	0.9007980187
2598	0.9009356081
2599	0.9010731976
2602	0.9013483764
2603	0.9014859659
2606	0.9016235553
2608	0.9017611447
2609	0.9021739130
2613	0.9023115025
2614	0.9024490919
2617	0.9025866813
2618	0.9027242708
2620	0.9028618602
2621	0.9029994496
2633	0.9031370391
2636	0.9032746285
2637	0.9035498074
2638	0.9036873968
2639	0.9038249862
2641	0.9039625757
2643	0.9041001651
2655	0.9042377545
2660	0.9043753440
2662	0.9045129334
2666	0.9049257017
2670	0.9050632911
2677	0.9052008806
2682	0.9053384700
2684	0.9056136489
2687	0.9057512383
2689	0.9058888277
2692	0.9060264172
2694	0.9061640066
2697	0.9064391855
2705	0.9065767749
2706	0.9067143643
2707	0.9069895432
2715	0.9071271326
2718	0.9072647221
2719	0.9074023115
2723	0.9076774904
2730	0.9078150798
2743	0.9080902587
2755	0.9082278481
2759	0.9083654375
2761	0.9085030270
2771	0.9086406164
2775	0.9087782058
2779	0.9089157953
2792	0.9091909741
2801	0.9093285636
2803	0.9094661530
2810	0.9096037424
2813	0.9097413319
2819	0.9098789213
2821	0.9100165107
2822	0.9101541002
2825	0.9102916896
2831	0.9104292790
2833	0.9105668685
2848	0.9107044579
2849	0.9108420473
2850	0.9109796368
2851	0.9111172262
2852	0.9112548156
2853	0.9113924051
2855	0.9116675839
2858	0.9118051734
2859	0.9119427628
2865	0.9120803522
2869	0.9122179417
2872	0.9123555311
2873	0.9124931205
2876	0.9126307100
2884	0.9129058888
2897	0.9130434783
2898	0.9131810677
2913	0.9133186571
2918	0.9134562466
2921	0.9135938360
2928	0.9137314254
2929	0.9138690149
2930	0.9140066043
2934	0.9141441937
2944	0.9142817832
2955	0.9144193726
2957	0.9145569620
2961	0.9146945515
2968	0.9148321409
2972	0.9151073198
2979	0.9153824986
2980	0.9155200881
2987	0.9156576775
2991	0.9157952669
2994	0.9162080352
3006	0.9164832141
3007	0.9167583930
3008	0.9168959824
3011	0.9170335718
3013	0.9171711613
3016	0.9173087507
3018	0.9174463401
3022	0.9175839296
3026	0.9177215190
3035	0.9178591084
3036	0.9179966979
3040	0.9181342873
3045	0.9182718767
3051	0.9184094662
3053	0.9185470556
3054	0.9186846450
3055	0.9190974133
3064	0.9192350028
3065	0.9193725922
3069	0.9195101816
3070	0.9197853605
3080	0.9199229499
3085	0.9200605394
3087	0.9201981288
3090	0.9203357182
3091	0.9204733076
3096	0.9207484865
3098	0.9208860759
3099	0.9211612548
3110	0.9212988442
3112	0.9214364337
3113	0.9217116125
3120	0.9218492020
3123	0.9219867914
3126	0.9222619703
3127	0.9223995597
3136	0.9225371491
3139	0.9226747386
3146	0.9229499174
3147	0.9230875069
3148	0.9232250963
3151	0.9233626857
3152	0.9235002752
3155	0.9236378646
3161	0.9237754540
3168	0.9239130435
3170	0.9240506329
3181	0.9243258118
3201	0.9244634012
3203	0.9246009906
3208	0.9247385801
3216	0.9248761695
3219	0.9250137589
3236	0.9251513484
3237	0.9252889378
3241	0.9254265272
3254	0.9255641167
3256	0.9257017061
3272	0.9258392955
3289	0.9259768850
3292	0.9261144744
3300	0.9262520638
3305	0.9266648321
3308	0.9268024216
3313	0.9270776004
3316	0.9272151899
3318	0.9273527793
3320	0.9274903687
3323	0.9277655476
3326	0.9279031370
3330	0.9280407265
3351	0.9281783159
3356	0.9283159053
3375	0.9284534948
3394	0.9287286736
3403	0.9288662631
3406	0.9290038525
3407	0.9291414419
3409	0.9292790314
3412	0.9294166208
3413	0.9295542102
3416	0.9296917997
3417	0.9298293891
3427	0.9299669785
3439	0.9301045680
3444	0.9302421574
3451	0.9303797468
3460	0.9305173363
3461	0.9306549257
3464	0.9307925151
3472	0.9310676940
3476	0.9312052834
3485	0.9313428729
3494	0.9314804623
3506	0.9316180517
3510	0.9318932306
3514	0.9321684095
3523	0.9323059989
3529	0.9324435883
3539	0.9325811778
3544	0.9327187672
3549	0.9328563566
3551	0.9331315355
3558	0.9332691249
3559	0.9334067144
3568	0.9335443038
3577	0.9336818932
3580	0.9338194827
3582	0.9339570721
3589	0.9340946615
3591	0.9342322510
3599	0.9343698404
3612	0.9345074298
3639	0.9346450193
3642	0.9347826087
3645	0.9350577876
3660	0.9351953770
3662	0.9353329664
3672	0.9354705559
3675	0.9356081453
3688	0.9357457347
3691	0.9358833242
3712	0.9360209136
3734	0.9361585030
3735	0.9362960925
3763	0.9364336819
3767	0.9365712713
3779	0.9367088608
3780	0.9368464502
3790	0.9369840396
3798	0.9371216291
3805	0.9372592185
3808	0.9373968079
3811	0.9375343974
3813	0.9376719868
3820	0.9378095762
3823	0.9379471657
3833	0.9380847551
3836	0.9382223445
3847	0.9383599340
3889	0.9384975234
3890	0.9386351128
3891	0.9387727023
3901	0.9389102917
3902	0.9390478811
3921	0.9391854706
3929	0.9393230600
3936	0.9394606494
3940	0.9395982389
3948	0.9397358283
3955	0.9398734177
3961	0.9400110072
3975	0.9401485966
3991	0.9404237755
4007	0.9405613649
4024	0.9406989543
4035	0.9408365438
4039	0.9409741332
4042	0.9411117226
4062	0.9412493121
4067	0.9413869015
4068	0.9415244909
4072	0.9416620804
4073	0.9417996698
4079	0.9422124381
4093	0.9423500275
4106	0.9424876170
4112	0.9426252064
4126	0.9427627958
4131	0.9429003853
4133	0.9430379747
4139	0.9431755641
4145	0.9433131535
4157	0.9434507430
4167	0.9435883324
4173	0.9437259218
4175	0.9438635113
4183	0.9440011007
4187	0.9441386901
4207	0.9442762796
4218	0.9444138690
4258	0.9445514584
4261	0.9448266373
4266	0.9449642267
4272	0.9451018162
4290	0.9452394056
4291	0.9453769950
4302	0.9456521739
4324	0.9457897633
4328	0.9459273528
4329	0.9460649422
4338	0.9463401211
4356	0.9464777105
4364	0.9466152999
4367	0.9467528894
4370	0.9468904788
4371	0.9470280682
4380	0.9471656577
4389	0.9473032471
4399	0.9474408365
4402	0.9475784260
4412	0.9477160154
4424	0.9478536048
4449	0.9479911943
4462	0.9481287837
4466	0.9482663731
4477	0.9484039626
4484	0.9485415520
4497	0.9486791414
4499	0.9488167309
4502	0.9489543203
4503	0.9490919097
4508	0.9492294992
4519	0.9493670886
4554	0.9495046780
4560	0.9496422675
4571	0.9497798569
4610	0.9499174463
4615	0.9500550358
4632	0.9501926252
4633	0.9503302146
4634	0.9504678041
4645	0.9506053935
4647	0.9507429829
4687	0.9508805724
4688	0.9511557512
4689	0.9512933407
4700	0.9514309301
4704	0.9515685195
4731	0.9517061090
4732	0.9518436984
4737	0.9519812878
4740	0.9521188773
4752	0.9522564667
4763	0.9523940561
4768	0.9525316456
4773	0.9526692350
4787	0.9528068244
4789	0.9529444139
4811	0.9530820033
4848	0.9532195927
4857	0.9533571822
4862	0.9534947716
4873	0.9536323610
4880	0.9537699505
4886	0.9539075399
4894	0.9540451293
4902	0.9541827188
4940	0.9543203082
4949	0.9544578976
4992	0.9545954871
4994	0.9547330765
5001	0.9548706659
5004	0.9550082554
5026	0.9551458448
5050	0.9552834342
5058	0.9554210237
5072	0.9555586131
5093	0.9556962025
5115	0.9558337920
5121	0.9559713814
5139	0.9561089708
5144	0.9562465603
5159	0.9563841497
5190	0.9565217391
5201	0.9566593286
5204	0.9567969180
5208	0.9569345074
5211	0.9570720969
5230	0.9572096863
5239	0.9573472757
5292	0.9574848652
5296	0.9576224546
5298	0.9577600440
5305	0.9578976335
5313	0.9580352229
5315	0.9581728123
5331	0.9583104018
5333	0.9584479912
5381	0.9585855806
5387	0.9587231701
5400	0.9588607595
5419	0.9589983489
5428	0.9591359384
5438	0.9592735278
5439	0.9594111172
5455	0.9595487067
5468	0.9596862961
5516	0.9598238855
5541	0.9599614750
5544	0.9600990644
5554	0.9602366538
5560	0.9603742433
5569	0.9605118327
5606	0.9607870116
5608	0.9609246010
5622	0.9610621904
5627	0.9611997799
5628	0.9613373693
5650	0.9614749587
5659	0.9616125482
5684	0.9618877270
5717	0.9620253165
5728	0.9621629059
5766	0.9623004953
5771	0.9624380848
5775	0.9625756742
5789	0.9627132636
5794	0.9628508531
5802	0.9629884425
5803	0.9631260319
5817	0.9632636214
5819	0.9634012108
5836	0.9635388002
5871	0.9636763897
5875	0.9638139791
5876	0.9639515685
5887	0.9640891580
5888	0.9642267474
5895	0.9643643368
5918	0.9645019263
5944	0.9646395157
5951	0.9647771051
5957	0.9649146946
5972	0.9650522840
5977	0.9651898734
5991	0.9653274629
6013	0.9654650523
6027	0.9656026417
6033	0.9657402312
6044	0.9658778206
6053	0.9660154100
6056	0.9661529994
6065	0.9662905889
6071	0.9664281783
6075	0.9665657677
6081	0.9667033572
6099	0.9668409466
6182	0.9669785360
6218	0.9671161255
6227	0.9672537149
6256	0.9673913043
6287	0.9675288938
6292	0.9676664832
6300	0.9678040726
6409	0.9679416621
6419	0.9680792515
6424	0.9682168409
6494	0.9683544304
6500	0.9684920198
6504	0.9686296092
6506	0.9687671987
6507	0.9689047881
6513	0.9690423775
6528	0.9691799670
6531	0.9693175564
6540	0.9694551458
6562	0.9695927353
6573	0.9697303247
6582	0.9698679141
6609	0.9700055036
6613	0.9701430930
6683	0.9702806824
6731	0.9704182719
6734	0.9705558613
6755	0.9706934507
6759	0.9708310402
6807	0.9709686296
6815	0.9711062190
6824	0.9712438085
6835	0.9713813979
6864	0.9715189873
6915	0.9716565768
6930	0.9717941662
6942	0.9719317556
6958	0.9720693451
7006	0.9722069345
7024	0.9723445239
7031	0.9724821134
7053	0.9726197028
7056	0.9727572922
7116	0.9728948817
7129	0.9730324711
7162	0.9731700605
7194	0.9733076500
7237	0.9734452394
7290	0.9735828288
7293	0.9737204183
7352	0.9738580077
7474	0.9739955971
7505	0.9741331866
7543	0.9742707760
7550	0.9744083654
7569	0.9745459549
7628	0.9746835443
7634	0.9748211337
7645	0.9749587232
7674	0.9750963126
7680	0.9752339020
7686	0.9753714915
7704	0.9755090809
7713	0.9756466703
7770	0.9757842598
7788	0.9759218492
7797	0.9760594386
7947	0.9761970281
7993	0.9766097964
8034	0.9767473858
8065	0.9768849752
8118	0.9770225647
8139	0.9771601541
8155	0.9772977435
8226	0.9774353330
8244	0.9775729224
8265	0.9777105118
8278	0.9778481013
8294	0.9779856907
8332	0.9781232801
8349	0.9782608696
8412	0.9783984590
8461	0.9785360484
8467	0.9786736379
8486	0.9788112273
8490	0.9789488167
8571	0.9790864062
8575	0.9792239956
8581	0.9793615850
8602	0.9794991745
8618	0.9796367639
8724	0.9797743533
8736	0.9799119428
8781	0.9800495322
8785	0.9801871216
8849	0.9803247111
8896	0.9804623005
8931	0.9805998899
9048	0.9807374794
9073	0.9808750688
9091	0.9810126582
9096	0.9811502477
9225	0.9812878371
9229	0.9814254265
9312	0.9815630160
9375	0.9817006054
9378	0.9818381948
9401	0.9819757843
9435	0.9821133737
9478	0.9822509631
9485	0.9823885526
9556	0.9825261420
9572	0.9826637314
9583	0.9828013209
9644	0.9829389103
9651	0.9830764997
9654	0.9832140892
9658	0.9833516786
9688	0.9834892680
9852	0.9836268575
10079	0.9837644469
10139	0.9839020363
10193	0.9840396258
10236	0.9841772152
10302	0.9843148046
10323	0.9844523941
10452	0.9845899835
10486	0.9847275729
10593	0.9848651624
10635	0.9850027518
10643	0.9851403412
10720	0.9852779307
10782	0.9854155201
10786	0.9855531095
10904	0.9856906990
11214	0.9858282884
11314	0.9859658778
11404	0.9861034673
11420	0.9862410567
11450	0.9863786461
11632	0.9865162356
11687	0.9866538250
11964	0.9867914144
11980	0.9869290039
12070	0.9870665933
12087	0.9872041827
12370	0.9873417722
12383	0.9874793616
12646	0.9876169510
12846	0.9877545405
13000	0.9878921299
13101	0.9880297193
13212	0.9881673088
13305	0.9883048982
13316	0.9884424876
13363	0.9885800771
13397	0.9887176665
13777	0.9888552559
13838	0.9889928453
14131	0.9891304348
14179	0.9892680242
14316	0.9894056136
14443	0.9895432031
15167	0.9896807925
15363	0.9898183819
15482	0.9899559714
15687	0.9900935608
15901	0.9902311502
16350	0.9903687397
16399	0.9905063291
16462	0.9906439185
16505	0.9907815080
16800	0.9909190974
16943	0.9910566868
17040	0.9911942763
17165	0.9913318657
17701	0.9914694551
18092	0.9916070446
18105	0.9917446340
18432	0.9918822234
18549	0.9920198129
18676	0.9921574023
18706	0.9922949917
19929	0.9924325812
20651	0.9925701706
20812	0.9927077600
20863	0.9928453495
21161	0.9929829389
21192	0.9931205283
21217	0.9932581178
21284	0.9933957072
22638	0.9935332966
23930	0.9936708861
24037	0.9938084755
25190	0.9939460649
25394	0.9940836544
25582	0.9942212438
25679	0.9943588332
25817	0.9944964227
26674	0.9946340121
27305	0.9947716015
27505	0.9949091910
27531	0.9950467804
27564	0.9951843698
27703	0.9953219593
29975	0.9954595487
30456	0.9955971381
30836	0.9957347276
31132	0.9958723170
31685	0.9960099064
32127	0.9961474959
32197	0.9962850853
32270	0.9964226747
32451	0.9965602642
32773	0.9966978536
33938	0.9968354430
34029	0.9969730325
34749	0.9971106219
35572	0.9972482113
38013	0.9973858008
38544	0.9975233902
38981	0.9976609796
41461	0.9977985691
43603	0.9979361585
45201	0.9982113374
51465	0.9983489268
58621	0.9984865162
60160	0.9986241057
60853	0.9987616951
61175	0.9988992845
62695	0.9990368740
63725	0.9991744634
65487	0.9993120528
66304	0.9994496423
67289	0.9995872317
76582	0.9997248211
114635	0.9998624106
149933	1
