1
1
0.948683298
0.894427191
0.866025404
0.81167945
0.782623792
0.780720058
0.774596669
0.770319095
0.748704886
0.698253252
0.68627451
0.630061919
0.592999453
0.589469887
0.564288094
0.5
0.5
0.5
0.487417437
0.476852559
0.450468731
0.447213595
0.439155033
0.417786374
0.4
0.4
0.4
0.376851173
0.356348323
0.353553391
0.334946923
0.311798927
0.299406565
0.292303328
0.290928683
0.273861279
0.265079481
0.257142857
0.243975018
0.229367451
0.212511859
0.20519567
0.194477794
0.183428214
0.171654488
0.169515876
0.164887544
0.153896753
0.152147483
0.151794185
0.11530025
0.101709526
0.085714286
0.084862513
0.079027721
0.075314467
0.073192505
0.072727273
0.071428571
0.059881313
0.028571429
0.016951588
0.006135431
0
0
-0.017921262
-0.028021059
-0.042424242
-0.049544724
-0.057396402
-0.057977104
-0.071428571
-0.085106776
-0.086758895
-0.088174089
-0.091076511
-0.096552551
-0.115954207
-0.142857143
-0.164868559
-0.164939978
-0.173931311
-0.187878788
-0.191419258
-0.197574815
-0.2
-0.2
-0.203596465
-0.210818511
-0.211272845
-0.219577516
-0.223606798
-0.223606798
-0.235004836
-0.252138192
-0.259437261
-0.277128548
-0.278046016
-0.288365266
-0.291121798
-0.299406565
-0.3
-0.302749589
-0.304255532
-0.307793506
-0.316110883
-0.316227766
-0.325177853
-0.351467512
-0.353553391
-0.356424078
-0.357575758
-0.359287879
-0.359287879
-0.366446015
-0.384153483
-0.395203378
-0.4
-0.4
-0.4
-0.401968708
-0.407687124
-0.410391341
-0.410391341
-0.411055997
-0.416443419
-0.426693007
-0.433333333
-0.439155033
-0.450468731
-0.460255075
-0.463816829
-0.484881138
-0.487950036
-0.490909091
-0.491689172
-0.5
-0.504524979
-0.514869798
-0.51610023
-0.542857143
-0.564288094
-0.571380045
-0.571428571
-0.571455505
-0.575757576
-0.576353978
-0.615587011
-0.619047619
-0.633333333
-0.666885929
-0.666885929
-0.666885929
-0.672292645
-0.679510674
-0.698253252
-0.7
-0.7
-0.706599495
-0.737864787
-0.737864787
-0.737864787
-0.745454545
-0.745869854
-0.758970926
-0.774596669
-0.783349452
-0.784415584
-0.790569415
-0.790569415
-0.790569415
-0.8
-0.8
-0.8
-0.80511756
-0.80952381
-0.81167945
-0.845154255
-0.857142857
-0.866025404
-0.866025404
-0.866025404
-0.866025404
-0.872081599
-0.879581914
-0.880406274
-0.882918713
-0.885714286
-0.9
-0.942857143
-0.948683298
-0.954313515
-0.985610761
-1
-1
-1
-1
-1
-1
-1
-1